original 28007 [77, 1941, 1358, 2061, 2201, 2032, 2039, 2474, 3102, 2326, 1969, 2124, 2802, 1501]
original 1454 [1454]
original 34434 [3088, 2865, 3216, 3239, 2889, 3611, 3289, 3643, 3337, 3262, 1995, 0]
other 281 [281]
original 18081 [410, 566, 289, 296, 364, 444, 523, 407, 390, 236, 350, 675, 326, 277, 308, 178, 371, 255, 833, 384, 588, 546, 433, 440, 434, 379, 448, 734, 217, 1944, 2188, 1281, 567]
original 4396 [1150, 1392, 1595, 259]
original 30222 [1604, 1208, 1270, 1280, 965, 1143, 500, 1643, 1088, 844, 562, 1184, 718, 504, 1214, 1023, 423, 2296, 995, 788, 1180, 1664, 1241, 1061, 1383, 1781, 660, 0]
other 28009 [1802, 1413, 1099, 890, 603, 522, 1081, 985, 1163, 778, 1266, 1192, 1284, 902, 1249, 916, 2363, 1420, 524, 1905, 466, 1381, 1711, 1094]
original 8975 [1437, 1338, 1413, 1416, 1109, 941, 526, 452, 343]
original 22086 [157, 994, 716, 1477, 1398, 1502, 1007, 778, 815, 683, 668, 1005, 259, 1988, 1631, 637, 646, 626, 1005, 481, 797, 639, 1166, 1011, 0]
original 6920 [6920]
original 1969 [1969]
critics 785 [785]
critics 333 [333]
critics 1969 [1969]
other 7241 [3607, 3634]
other 13134 [13134]
other 6314 [6314]
other 520 [246, 274]
